Building popularity model from training data...
Generating predictions for validation users...
Evaluating popularity baseline...
/hadoop/yarn/nm-local-dir/usercache/ml9542_nyu_edu/appcache/application_1746590253996_0963/container_1746590253996_0963_01_000001/pyspark.zip/pyspark/sql/context.py:158: FutureWarning: Deprecated in 3.0.0. Use SparkSession.builder.getOrCreate() instead.
Sample joined prediction/actual pairs:
Predicted: [318, 296, 2571, 356, 593, 260, 2959, 527, 4993, 1196, 480, 7153, 1, 1198, 1210, 5952, 110, 858, 50, 589, 2858, 79132, 58559, 150, 2028, 1270, 457, 47, 780, 592, 3578, 608, 32, 588, 590, 4306, 2762, 380, 4226, 1704, 344, 1197, 1193, 6539, 364, 4886, 1721, 1291, 1221, 595, 1580, 6377, 165, 6874, 1240, 648, 377, 4973, 7361, 1136, 1036, 541, 1214, 1213, 1265, 153, 1089, 33794, 1097, 3793, 1682, 8961, 2329, 4995, 293, 60069, 316, 349, 109487, 231, 2628, 4963, 5445, 3147, 1527, 736, 1200, 733, 5349, 68954, 111, 7438, 5989, 5418, 367, 34, 2716, 2997, 500, 59315]
Actual   : [2109, 2923, 2239, 3099, 2788, 1953, 2511, 2194, 592, 3019, 2917, 2130, 1183, 539, 105, 357, 1188, 1777, 151, 162, 581, 1147, 2931, 1169, 3152, 1759, 2966, 1283, 3983, 3996, 4029, 3007, 4014, 1649, 3077, 7122, 7135, 7136, 7121, 7093, 7091, 7073, 7076, 7063, 7072, 7065, 7062, 7067, 7070, 7071]

Predicted: [318, 296, 2571, 356, 593, 260, 2959, 527, 4993, 1196, 480, 7153, 1, 1198, 1210, 5952, 110, 858, 50, 589, 2858, 79132, 58559, 150, 2028, 1270, 457, 47, 780, 592, 3578, 608, 32, 588, 590, 4306, 2762, 380, 4226, 1704, 344, 1197, 1193, 6539, 364, 4886, 1721, 1291, 1221, 595, 1580, 6377, 165, 6874, 1240, 648, 377, 4973, 7361, 1136, 1036, 541, 1214, 1213, 1265, 153, 1089, 33794, 1097, 3793, 1682, 8961, 2329, 4995, 293, 60069, 316, 349, 109487, 231, 2628, 4963, 5445, 3147, 1527, 736, 1200, 733, 5349, 68954, 111, 7438, 5989, 5418, 367, 34, 2716, 2997, 500, 59315]
Actual   : [4979, 5810, 4246, 4499, 4467, 3699, 3703, 6993, 7149, 5135, 4345, 4326, 3983, 3386, 1183, 9000, 6331, 1247, 1299, 2919, 5956, 230, 1516, 2583, 3066, 3052, 5528, 233, 7225, 222, 6323, 26394, 851, 2640, 3126, 1441, 8781, 506, 1017, 7373, 2395, 593, 6791, 4034, 904, 5483, 4903, 2599, 1079, 2611, 4705, 6786, 1059, 6639, 3067, 348, 908, 2952, 2108, 1217, 2028, 5445]

Predicted: [318, 296, 2571, 356, 593, 260, 2959, 527, 4993, 1196, 480, 7153, 1, 1198, 1210, 5952, 110, 858, 50, 589, 2858, 79132, 58559, 150, 2028, 1270, 457, 47, 780, 592, 3578, 608, 32, 588, 590, 4306, 2762, 380, 4226, 1704, 344, 1197, 1193, 6539, 364, 4886, 1721, 1291, 1221, 595, 1580, 6377, 165, 6874, 1240, 648, 377, 4973, 7361, 1136, 1036, 541, 1214, 1213, 1265, 153, 1089, 33794, 1097, 3793, 1682, 8961, 2329, 4995, 293, 60069, 316, 349, 109487, 231, 2628, 4963, 5445, 3147, 1527, 736, 1200, 733, 5349, 68954, 111, 7438, 5989, 5418, 367, 34, 2716, 2997, 500, 59315]
Actual   : [5445, 45186, 34048, 648, 3623, 205441, 205156, 166528, 72641, 82459, 203375, 69757, 47610]

Predicted: [318, 296, 2571, 356, 593, 260, 2959, 527, 4993, 1196, 480, 7153, 1, 1198, 1210, 5952, 110, 858, 50, 589, 2858, 79132, 58559, 150, 2028, 1270, 457, 47, 780, 592, 3578, 608, 32, 588, 590, 4306, 2762, 380, 4226, 1704, 344, 1197, 1193, 6539, 364, 4886, 1721, 1291, 1221, 595, 1580, 6377, 165, 6874, 1240, 648, 377, 4973, 7361, 1136, 1036, 541, 1214, 1213, 1265, 153, 1089, 33794, 1097, 3793, 1682, 8961, 2329, 4995, 293, 60069, 316, 349, 109487, 231, 2628, 4963, 5445, 3147, 1527, 736, 1200, 733, 5349, 68954, 111, 7438, 5989, 5418, 367, 34, 2716, 2997, 500, 59315]
Actual   : [2729, 7387, 4848, 2076, 6711, 4881, 4903, 55269, 4979, 1884, 46723, 3676, 27904, 4873, 4349, 3168, 30810, 3556, 7044, 1916, 1298, 5945, 6645, 1387, 62803, 1573, 2000, 27537, 2700, 62801, 35836, 8784, 6502, 3052, 59615, 3471, 54001, 223, 300, 2791, 2291, 2712, 55765, 1258, 5502, 5218, 8949, 2302, 6378, 62, 8874, 1407, 162, 27592, 2395, 2594, 41863, 2318, 1673, 6975, 8690, 3476, 55805, 57464, 36537, 3262, 1965, 1923, 5989, 48385, 3996, 1307, 2115, 4011, 30793, 2054, 47049, 2406, 2, 1391, 8644, 3418, 5010]

Predicted: [318, 296, 2571, 356, 593, 260, 2959, 527, 4993, 1196, 480, 7153, 1, 1198, 1210, 5952, 110, 858, 50, 589, 2858, 79132, 58559, 150, 2028, 1270, 457, 47, 780, 592, 3578, 608, 32, 588, 590, 4306, 2762, 380, 4226, 1704, 344, 1197, 1193, 6539, 364, 4886, 1721, 1291, 1221, 595, 1580, 6377, 165, 6874, 1240, 648, 377, 4973, 7361, 1136, 1036, 541, 1214, 1213, 1265, 153, 1089, 33794, 1097, 3793, 1682, 8961, 2329, 4995, 293, 60069, 316, 349, 109487, 231, 2628, 4963, 5445, 3147, 1527, 736, 1200, 733, 5349, 68954, 111, 7438, 5989, 5418, 367, 34, 2716, 2997, 500, 59315]
Actual   : [4037, 3728, 1343, 33166, 2511]

Precision@100: 0.0215
Recall@100: 0.1839
NDCG@100: 0.0866
MAP@100: 0.0230