root
 |-- user1: integer (nullable = true)
 |-- user2: integer (nullable = true)
 |-- count: long (nullable = true)

+------+------+-----+
|user1 |user2 |count|
+------+------+-----+
|35290 |259389|32   |
|90379 |247121|32   |
|35729 |79355 |32   |
|5899  |44983 |32   |
|41037 |310532|32   |
|5899  |246463|32   |
|41736 |313386|32   |
|8831  |55950 |32   |
|42342 |156479|32   |
|65054 |223914|32   |
|65054 |225000|32   |
|29009 |138073|32   |
|67889 |199788|32   |
|46874 |302791|32   |
|69366 |84479 |32   |
|55964 |209454|32   |
|72300 |180749|32   |
|67477 |115701|32   |
|74964 |87847 |32   |
|67915 |98616 |32   |
|67477 |303026|32   |
|89797 |221462|32   |
|73690 |118193|32   |
|75901 |270942|32   |
|82690 |313887|32   |
|86415 |164810|32   |
|87900 |229090|32   |
|89790 |280404|32   |
|89790 |314990|32   |
|94323 |164723|32   |
|95443 |152849|32   |
|98686 |154492|32   |
|105060|289956|32   |
|26879 |47749 |32   |
|23373 |321998|32   |
|126120|159411|32   |
|129847|195610|32   |
|143452|264861|32   |
|154492|184528|32   |
|158896|306323|32   |
|159590|243351|32   |
|160184|318044|32   |
|160573|165829|32   |
|160573|195610|32   |
|163260|173065|32   |
|169575|260366|32   |
|191725|263166|32   |
|191725|305783|32   |
|195610|290112|32   |
|201478|297346|32   |
|217869|320941|32   |
|218769|251208|32   |
|221069|246357|32   |
|221462|273370|32   |
|224779|231387|32   |
|228812|313386|32   |
|257789|315367|32   |
|259389|269931|32   |
|263780|326686|32   |
|285618|298682|32   |
|2214  |313386|32   |
|7956  |160573|32   |
|9183  |159072|32   |
|9183  |306323|32   |
|15232 |35852 |32   |
|16527 |315367|32   |
|21530 |267133|32   |
|21743 |223585|32   |
|5899  |67477 |32   |
|8715  |159290|32   |
|8831  |303026|32   |
|45829 |69366 |32   |
|50011 |58165 |32   |
|55823 |70598 |32   |
|90318 |255811|32   |
|39612 |144245|32   |
|123839|298307|32   |
|69422 |104741|32   |
|69288 |290367|32   |
|69366 |176923|32   |
|83812 |237613|32   |
|90379 |118377|32   |
|90570 |243351|32   |
|109954|202918|32   |
|117965|123839|32   |
|119236|194004|32   |
|121338|246448|32   |
|123119|159411|32   |
|127513|170424|32   |
|133032|164176|32   |
|138378|196354|32   |
|142369|269930|32   |
|148518|261764|32   |
|159590|174438|32   |
|164671|178860|32   |
|165829|277929|32   |
|173267|219285|32   |
|178703|305783|32   |
|199268|290387|32   |
|233014|236302|32   |
+------+------+-----+


root
 |-- user2: integer (nullable = true)
 |-- user1: integer (nullable = true)
 |-- count: long (nullable = true)
 |-- movieSet1: array (nullable = true)
 |    |-- element: integer (containsNull = true)
 |-- movieSet2: array (nullable = true)
 |    |-- element: integer (containsNull = true)
 |-- jaccard_similarity: double (nullable = true)

+-------+------------------+
|summary|jaccard_similarity|
+-------+------------------+
|  count|               100|
|   mean|               1.0|
| stddev|               0.0|
|    min|               1.0|
|    25%|               1.0|
|    50%|               1.0|
|    75%|               1.0|
|    max|               1.0|
+-------+------------------+

+------+------+-----+---------------------------------------------------------------------------+---------------------------------------------------------------------------+------------------+
|user2 |user1 |count|movieSet1                                                                  |movieSet2                                                                  |jaccard_similarity|
+------+------+-----+---------------------------------------------------------------------------+---------------------------------------------------------------------------+------------------+
|313386|2214  |32   |[592, 153, 150, 165, 590, 296, 344, 380, 588, 349]                         |[592, 153, 150, 165, 590, 296, 344, 380, 588, 349]                         |1.0               |
|179121|9183  |32   |[592, 153, 150, 165, 590, 296, 344, 380, 588, 349]                         |[592, 153, 150, 165, 590, 296, 344, 380, 588, 349]                         |1.0               |
|306323|9183  |32   |[592, 153, 150, 165, 590, 296, 344, 380, 588, 349]                         |[592, 153, 150, 165, 590, 296, 344, 380, 588, 349]                         |1.0               |
|159072|9183  |32   |[592, 153, 150, 165, 590, 296, 344, 380, 588, 349]                         |[592, 153, 150, 165, 590, 296, 344, 380, 588, 349]                         |1.0               |
|156479|42342 |32   |[356, 1, 593, 260, 480, 1270, 2571]                                        |[356, 1, 593, 260, 480, 1270, 2571]                                        |1.0               |
|225000|65054 |32   |[592, 153, 150, 165, 590, 296, 344, 380, 588, 349]                         |[592, 153, 150, 165, 590, 296, 344, 380, 588, 349]                         |1.0               |
|223914|65054 |32   |[592, 153, 150, 165, 590, 296, 344, 380, 588, 349]                         |[592, 153, 150, 165, 590, 296, 344, 380, 588, 349]                         |1.0               |
|87847 |74964 |32   |[356, 527, 318, 1704]                                                      |[356, 527, 318, 1704]                                                      |1.0               |
|255811|90318 |32   |[2959, 4993, 7153, 260, 60069, 5952, 1198]                                 |[2959, 4993, 7153, 260, 60069, 5952, 1198]                                 |1.0               |
|313386|101817|32   |[592, 153, 150, 165, 590, 296, 344, 380, 588, 349]                         |[592, 153, 150, 165, 590, 296, 344, 380, 588, 349]                         |1.0               |
|194004|119236|32   |[1, 648, 17, 32, 780, 736, 141, 25, 62, 95]                                |[1, 648, 17, 32, 780, 736, 141, 25, 62, 95]                                |1.0               |
|313386|41736 |32   |[592, 153, 150, 165, 590, 296, 344, 380, 588, 349]                         |[592, 153, 150, 165, 590, 296, 344, 380, 588, 349]                         |1.0               |
|199788|67889 |32   |[1, 648, 17, 32, 780, 736, 141, 25, 62, 95]                                |[1, 648, 17, 32, 780, 736, 141, 25, 62, 95]                                |1.0               |
|255872|77609 |32   |[592, 153, 150, 165, 590, 296, 344, 380, 588, 349]                         |[592, 153, 150, 165, 590, 296, 344, 380, 588, 349]                         |1.0               |
|204018|77609 |32   |[592, 153, 150, 165, 590, 296, 344, 380, 588, 349]                         |[592, 153, 150, 165, 590, 296, 344, 380, 588, 349]                         |1.0               |
|178917|81797 |32   |[4993, 7153, 5952]                                                         |[4993, 7153, 5952]                                                         |1.0               |
|163101|85978 |32   |[2959, 318, 50]                                                            |[2959, 318, 50]                                                            |1.0               |
|188652|93794 |32   |[153, 590, 344, 380, 316, 592, 150, 165, 593, 296, 595, 231, 588, 349, 457]|[153, 590, 344, 380, 316, 592, 150, 165, 593, 296, 595, 231, 588, 349, 457]|1.0               |
|290387|199268|32   |[356, 1, 593, 480, 1270, 2571]                                             |[356, 1, 593, 480, 1270, 2571]                                             |1.0               |
|330122|223089|32   |[592, 153, 150, 165, 590, 296, 344, 380, 588, 457]                         |[592, 153, 150, 165, 590, 296, 344, 380, 588, 457]                         |1.0               |
|303204|11308 |32   |[1, 648, 17, 32, 780, 736, 141, 25, 62, 95]                                |[1, 648, 17, 32, 780, 736, 141, 25, 62, 95]                                |1.0               |
|232830|46593 |32   |[356, 1, 593, 480, 1270, 2571]                                             |[356, 1, 593, 480, 1270, 2571]                                             |1.0               |
|152985|49202 |32   |[356, 1, 593, 480, 1270, 2571]                                             |[356, 1, 593, 480, 1270, 2571]                                             |1.0               |
|58165 |50011 |32   |[592, 153, 150, 165, 590, 296, 344, 380, 588, 349]                         |[592, 153, 150, 165, 590, 296, 344, 380, 588, 349]                         |1.0               |
|70598 |55823 |32   |[4993, 7153, 5952]                                                         |[4993, 7153, 5952]                                                         |1.0               |
|156479|109650|32   |[356, 1, 593, 260, 480, 1270, 2571]                                        |[356, 1, 593, 260, 480, 1270, 2571]                                        |1.0               |
|202918|109954|32   |[318, 1196, 260]                                                           |[318, 1196, 260]                                                           |1.0               |
|188639|113220|32   |[153, 590, 329, 344, 380, 316, 592, 150, 165, 318, 296, 595, 231, 588, 349]|[153, 590, 329, 344, 380, 316, 592, 150, 165, 318, 296, 595, 231, 588, 349]|1.0               |
|174438|159590|32   |[592, 153, 150, 165, 590, 296, 344, 380, 588, 349]                         |[592, 153, 150, 165, 590, 296, 344, 380, 588, 349]                         |1.0               |
|160573|7956  |32   |[592, 153, 150, 165, 590, 296, 344, 380, 588, 349]                         |[592, 153, 150, 165, 590, 296, 344, 380, 588, 349]                         |1.0               |
|315367|16527 |32   |[592, 153, 150, 165, 590, 296, 344, 380, 588, 349]                         |[592, 153, 150, 165, 590, 296, 344, 380, 588, 349]                         |1.0               |
|146977|26417 |32   |[1196, 260, 1198]                                                          |[1196, 260, 1198]                                                          |1.0               |
|47749 |26879 |32   |[356, 1, 593, 480, 1270, 2571]                                             |[356, 1, 593, 480, 1270, 2571]                                             |1.0               |
|259389|35290 |32   |[592, 153, 150, 165, 590, 296, 344, 380, 588, 349]                         |[592, 153, 150, 165, 590, 296, 344, 380, 588, 349]                         |1.0               |
|159072|35290 |32   |[592, 153, 150, 165, 590, 296, 344, 380, 588, 349]                         |[592, 153, 150, 165, 590, 296, 344, 380, 588, 349]                         |1.0               |
|303903|44861 |32   |[356, 1, 593, 480, 1270, 2571]                                             |[356, 1, 593, 480, 1270, 2571]                                             |1.0               |
|84479 |69366 |32   |[592, 153, 150, 165, 590, 296, 344, 380, 588, 349]                         |[592, 153, 150, 165, 590, 296, 344, 380, 588, 349]                         |1.0               |
|319456|72300 |32   |[356, 1, 593, 480, 1270, 2571]                                             |[356, 1, 593, 480, 1270, 2571]                                             |1.0               |
|180749|72300 |32   |[356, 1, 593, 480, 1270, 2571]                                             |[356, 1, 593, 480, 1270, 2571]                                             |1.0               |
|298307|106391|32   |[592, 153, 150, 165, 590, 296, 344, 380, 588, 349]                         |[592, 153, 150, 165, 590, 296, 344, 380, 588, 349]                         |1.0               |
|164176|133032|32   |[592, 153, 150, 165, 590, 296, 344, 380, 588, 349]                         |[592, 153, 150, 165, 590, 296, 344, 380, 588, 349]                         |1.0               |
|281537|160184|32   |[592, 153, 150, 165, 590, 296, 344, 380, 588, 349]                         |[592, 153, 150, 165, 590, 296, 344, 380, 588, 349]                         |1.0               |
|175677|164810|32   |[592, 153, 150, 165, 590, 296, 344, 380, 588, 349]                         |[592, 153, 150, 165, 590, 296, 344, 380, 588, 349]                         |1.0               |
|318177|6022  |32   |[592, 153, 150, 165, 590, 296, 344, 380, 588, 349]                         |[592, 153, 150, 165, 590, 296, 344, 380, 588, 349]                         |1.0               |
|91162 |6022  |32   |[592, 153, 150, 165, 590, 296, 344, 380, 588, 349]                         |[592, 153, 150, 165, 590, 296, 344, 380, 588, 349]                         |1.0               |
|310532|41037 |32   |[356, 1, 593, 480, 1270, 2571]                                             |[356, 1, 593, 480, 1270, 2571]                                             |1.0               |
|67889 |44297 |32   |[1, 648, 17, 32, 780, 736, 141, 25, 62, 95]                                |[1, 648, 17, 32, 780, 736, 141, 25, 62, 95]                                |1.0               |
|153651|71386 |32   |[356, 1, 593, 480, 1270, 2571]                                             |[356, 1, 593, 480, 1270, 2571]                                             |1.0               |
|246448|121338|32   |[592, 153, 150, 165, 590, 296, 344, 380, 588, 349]                         |[592, 153, 150, 165, 590, 296, 344, 380, 588, 349]                         |1.0               |
|214123|123119|32   |[592, 153, 150, 165, 590, 296, 344, 380, 588, 349]                         |[592, 153, 150, 165, 590, 296, 344, 380, 588, 349]                         |1.0               |
|159411|123119|32   |[592, 153, 150, 165, 590, 296, 344, 380, 588, 349]                         |[592, 153, 150, 165, 590, 296, 344, 380, 588, 349]                         |1.0               |
|305783|178703|32   |[356, 1, 593, 480, 1270, 2571]                                             |[356, 1, 593, 480, 1270, 2571]                                             |1.0               |
|318177|208742|32   |[592, 153, 150, 165, 590, 296, 344, 380, 588, 349]                         |[592, 153, 150, 165, 590, 296, 344, 380, 588, 349]                         |1.0               |
|260366|21045 |32   |[356, 1, 593, 480, 1270, 2571]                                             |[356, 1, 593, 480, 1270, 2571]                                             |1.0               |
|223585|21743 |32   |[356, 1, 593, 480, 1270, 2571]                                             |[356, 1, 593, 480, 1270, 2571]                                             |1.0               |
|321998|23373 |32   |[356, 1, 593, 260, 480, 1270, 2571]                                        |[356, 1, 593, 260, 480, 1270, 2571]                                        |1.0               |
|196354|138378|32   |[356, 1, 593, 480, 1270, 2571]                                             |[356, 1, 593, 480, 1270, 2571]                                             |1.0               |
|188166|155859|32   |[356, 1, 593, 480, 1270, 2571]                                             |[356, 1, 593, 480, 1270, 2571]                                             |1.0               |
|178860|164671|32   |[356, 112552, 1, 593, 953, 50872, 260, 480, 1270, 2571]                    |[356, 112552, 1, 593, 953, 50872, 260, 480, 1270, 2571]                    |1.0               |
|305783|170424|32   |[356, 1, 593, 480, 1270, 2571]                                             |[356, 1, 593, 480, 1270, 2571]                                             |1.0               |
|216281|178917|32   |[4993, 7153, 5952]                                                         |[4993, 7153, 5952]                                                         |1.0               |
|318177|290112|32   |[592, 153, 150, 165, 590, 296, 344, 380, 588, 349]                         |[592, 153, 150, 165, 590, 296, 344, 380, 588, 349]                         |1.0               |
|35852 |15232 |32   |[356, 1, 593, 480, 1270, 2571]                                             |[356, 1, 593, 480, 1270, 2571]                                             |1.0               |
|292099|20852 |32   |[153, 590, 344, 380, 316, 592, 150, 165, 318, 296, 595, 231, 588, 349]     |[153, 590, 344, 380, 316, 592, 150, 165, 318, 296, 595, 231, 588, 349]     |1.0               |
|70598 |52664 |32   |[4993, 7153, 5952]                                                         |[4993, 7153, 5952]                                                         |1.0               |
|170424|127513|32   |[356, 1, 593, 480, 1270, 2571]                                             |[356, 1, 593, 480, 1270, 2571]                                             |1.0               |
|315367|161529|32   |[592, 153, 150, 165, 590, 296, 344, 380, 588, 349]                         |[592, 153, 150, 165, 590, 296, 344, 380, 588, 349]                         |1.0               |
|173828|169575|32   |[356, 1, 593, 480, 1270, 2571]                                             |[356, 1, 593, 480, 1270, 2571]                                             |1.0               |
|219285|173267|32   |[318, 1196, 260, 1198]                                                     |[318, 1196, 260, 1198]                                                     |1.0               |
|267133|21530 |32   |[1, 648, 17, 32, 780, 736, 141, 25, 62, 95]                                |[1, 648, 17, 32, 780, 736, 141, 25, 62, 95]                                |1.0               |
|41736 |27485 |32   |[592, 153, 150, 165, 590, 296, 344, 380, 588, 349]                         |[592, 153, 150, 165, 590, 296, 344, 380, 588, 349]                         |1.0               |
|283981|35581 |32   |[356, 1, 593, 480, 1270, 2571]                                             |[356, 1, 593, 480, 1270, 2571]                                             |1.0               |
|151454|35581 |32   |[356, 1, 593, 480, 1270, 2571]                                             |[356, 1, 593, 480, 1270, 2571]                                             |1.0               |
|224215|75901 |32   |[592, 153, 150, 165, 590, 296, 344, 380, 588, 349]                         |[592, 153, 150, 165, 590, 296, 344, 380, 588, 349]                         |1.0               |
|202095|196354|32   |[356, 1, 593, 480, 1270, 2571]                                             |[356, 1, 593, 480, 1270, 2571]                                             |1.0               |
|237613|83812 |32   |[356, 1, 593, 480, 1270, 2571]                                             |[356, 1, 593, 480, 1270, 2571]                                             |1.0               |
|221462|89797 |32   |[592, 153, 150, 165, 590, 296, 344, 380, 588, 349]                         |[592, 153, 150, 165, 590, 296, 344, 380, 588, 349]                         |1.0               |
|165829|89797 |32   |[592, 153, 150, 165, 590, 296, 344, 380, 588, 349]                         |[592, 153, 150, 165, 590, 296, 344, 380, 588, 349]                         |1.0               |
|139898|127410|32   |[356, 1, 593, 480, 1270, 2571]                                             |[356, 1, 593, 480, 1270, 2571]                                             |1.0               |
|305783|164174|32   |[356, 1, 593, 480, 1270, 2571]                                             |[356, 1, 593, 480, 1270, 2571]                                             |1.0               |
|259878|164174|32   |[356, 1, 593, 480, 1270, 2571]                                             |[356, 1, 593, 480, 1270, 2571]                                             |1.0               |
|253968|223903|32   |[356, 1, 593, 480, 1270, 2571]                                             |[356, 1, 593, 480, 1270, 2571]                                             |1.0               |
|69366 |45829 |32   |[592, 153, 150, 165, 590, 296, 344, 380, 588, 349]                         |[592, 153, 150, 165, 590, 296, 344, 380, 588, 349]                         |1.0               |
|158783|45829 |32   |[592, 153, 150, 165, 590, 296, 344, 380, 588, 349]                         |[592, 153, 150, 165, 590, 296, 344, 380, 588, 349]                         |1.0               |
|215747|53921 |32   |[356, 318, 1198, 2571]                                                     |[356, 318, 1198, 2571]                                                     |1.0               |
|285618|62793 |32   |[592, 153, 150, 165, 590, 296, 344, 380, 588, 349]                         |[592, 153, 150, 165, 590, 296, 344, 380, 588, 349]                         |1.0               |
|204018|82690 |32   |[592, 153, 150, 165, 590, 296, 344, 380, 588, 349]                         |[592, 153, 150, 165, 590, 296, 344, 380, 588, 349]                         |1.0               |
|118377|90379 |32   |[592, 153, 150, 165, 590, 296, 344, 380, 588, 349]                         |[592, 153, 150, 165, 590, 296, 344, 380, 588, 349]                         |1.0               |
|247121|90379 |32   |[592, 153, 150, 165, 590, 296, 344, 380, 588, 349]                         |[592, 153, 150, 165, 590, 296, 344, 380, 588, 349]                         |1.0               |
|243351|90570 |32   |[592, 153, 150, 165, 590, 296, 344, 380, 588, 349]                         |[592, 153, 150, 165, 590, 296, 344, 380, 588, 349]                         |1.0               |
|221462|6353  |32   |[592, 153, 150, 165, 590, 296, 344, 380, 588, 349]                         |[592, 153, 150, 165, 590, 296, 344, 380, 588, 349]                         |1.0               |
|155429|31199 |32   |[356, 1, 593, 480, 1270, 2571]                                             |[356, 1, 593, 480, 1270, 2571]                                             |1.0               |
|79355 |35729 |32   |[356, 1, 593, 480, 1270, 2571]                                             |[356, 1, 593, 480, 1270, 2571]                                             |1.0               |
|127513|109906|32   |[356, 1, 593, 480, 1270, 2571]                                             |[356, 1, 593, 480, 1270, 2571]                                             |1.0               |
|290112|118971|32   |[592, 153, 150, 165, 590, 296, 344, 380, 588, 349]                         |[592, 153, 150, 165, 590, 296, 344, 380, 588, 349]                         |1.0               |
|261764|148518|32   |[356, 1, 593, 480, 1270, 2571]                                             |[356, 1, 593, 480, 1270, 2571]                                             |1.0               |
|236302|233014|32   |[356, 1, 593, 260, 480, 1270, 2571]                                        |[356, 1, 593, 260, 480, 1270, 2571]                                        |1.0               |
|145715|125490|32   |[356, 1, 593, 260, 480, 1270, 2571]                                        |[356, 1, 593, 260, 480, 1270, 2571]                                        |1.0               |
|277929|165829|32   |[592, 153, 150, 165, 590, 296, 344, 380, 588, 349]                         |[592, 153, 150, 165, 590, 296, 344, 380, 588, 349]                         |1.0               |
|303903|237613|32   |[356, 1, 593, 480, 1270, 2571]                                             |[356, 1, 593, 480, 1270, 2571]                                             |1.0               |
+------+------+-----+---------------------------------------------------------------------------+---------------------------------------------------------------------------+------------------+


+------+------+------------------+
|user1 |user2 |jaccard_similarity|
+------+------+------------------+
|2214  |313386|1.0               |
|9183  |179121|1.0               |
|9183  |306323|1.0               |
|9183  |159072|1.0               |
|42342 |156479|1.0               |
|65054 |225000|1.0               |
|65054 |223914|1.0               |
|74964 |87847 |1.0               |
|90318 |255811|1.0               |
|101817|313386|1.0               |
|119236|194004|1.0               |
|41736 |313386|1.0               |
|67889 |199788|1.0               |
|77609 |255872|1.0               |
|77609 |204018|1.0               |
|81797 |178917|1.0               |
|85978 |163101|1.0               |
|93794 |188652|1.0               |
|199268|290387|1.0               |
|223089|330122|1.0               |
|11308 |303204|1.0               |
|46593 |232830|1.0               |
|49202 |152985|1.0               |
|50011 |58165 |1.0               |
|55823 |70598 |1.0               |
|109650|156479|1.0               |
|109954|202918|1.0               |
|113220|188639|1.0               |
|159590|174438|1.0               |
|7956  |160573|1.0               |
|16527 |315367|1.0               |
|26417 |146977|1.0               |
|26879 |47749 |1.0               |
|35290 |259389|1.0               |
|35290 |159072|1.0               |
|44861 |303903|1.0               |
|69366 |84479 |1.0               |
|72300 |319456|1.0               |
|72300 |180749|1.0               |
|106391|298307|1.0               |
|133032|164176|1.0               |
|160184|281537|1.0               |
|164810|175677|1.0               |
|6022  |318177|1.0               |
|6022  |91162 |1.0               |
|41037 |310532|1.0               |
|44297 |67889 |1.0               |
|71386 |153651|1.0               |
|121338|246448|1.0               |
|123119|214123|1.0               |
|123119|159411|1.0               |
|178703|305783|1.0               |
|208742|318177|1.0               |
|21045 |260366|1.0               |
|21743 |223585|1.0               |
|23373 |321998|1.0               |
|138378|196354|1.0               |
|155859|188166|1.0               |
|164671|178860|1.0               |
|170424|305783|1.0               |
|178917|216281|1.0               |
|290112|318177|1.0               |
|15232 |35852 |1.0               |
|20852 |292099|1.0               |
|52664 |70598 |1.0               |
|127513|170424|1.0               |
|161529|315367|1.0               |
|169575|173828|1.0               |
|173267|219285|1.0               |
|21530 |267133|1.0               |
|27485 |41736 |1.0               |
|35581 |283981|1.0               |
|35581 |151454|1.0               |
|75901 |224215|1.0               |
|196354|202095|1.0               |
|83812 |237613|1.0               |
|89797 |221462|1.0               |
|89797 |165829|1.0               |
|127410|139898|1.0               |
|164174|305783|1.0               |
|164174|259878|1.0               |
|223903|253968|1.0               |
|45829 |69366 |1.0               |
|45829 |158783|1.0               |
|53921 |215747|1.0               |
|62793 |285618|1.0               |
|82690 |204018|1.0               |
|90379 |118377|1.0               |
|90379 |247121|1.0               |
|90570 |243351|1.0               |
|6353  |221462|1.0               |
|31199 |155429|1.0               |
|35729 |79355 |1.0               |
|109906|127513|1.0               |
|118971|290112|1.0               |
|148518|261764|1.0               |
|233014|236302|1.0               |
|125490|145715|1.0               |
|165829|277929|1.0               |
|237613|303903|1.0               |
+------+------+------------------+
